RTN-011: 10.5281/zenodo.5683848
RTN-095: 10.71929/rubin/2570536
PSTN-019: 10.71929/rubin/2570545
SITCOMTN-128: 10.71929/rubin/2570850
SITCOMTN-149: 10.71929/rubin/2574402
SITCOMTN-154: 10.71929/rubin/2571480
SITCOMTN-161: 10.71929/rubin/2572986
SITCOMTN-163: 10.71929/rubin/2571157
SQR-081: 10.71929/rubin/2574487
