CTN-001: 10.71929/rubin/2584019
DMTN-015: 10.71929/rubin/2583432
DMTN-021: 10.71929/rubin/2586490
DMTN-080: 10.71929/rubin/2583441
DMTN-093: 10.71929/rubin/2586493
DMTN-190: 10.71929/rubin/2583849
DMTN-197: 10.71929/rubin/2586496
DMTN-219: 10.71929/rubin/2585429
DMTN-222: 10.71929/rubin/2586498
DMTN-227: 10.71929/rubin/2586436
DMTN-266: 10.71929/rubin/2583846
DMTN-277: 10.71929/rubin/2583688
DMTN-302: 10.71929/rubin/2583848
DMTN-312: 10.71929/rubin/2584108
DMTN-318: 10.71929/rubin/2583847
RTN-011: 10.71929/rubin/2584021
RTN-045: 10.71929/rubin/2584020
RTN-055: 10.71929/rubin/2575154
RTN-056: 10.71929/rubin/2575156
RTN-095: 10.71929/rubin/2570536
PSTN-019: 10.71929/rubin/2570545
PSTN-051: 10.71929/rubin/2584084
PSTN-052: 10.71929/rubin/2584109
PSTN-053: 10.71929/rubin/2584276
PSTN-054: 10.71929/rubin/2584366
PSTN-055: 10.71929/rubin/2585249
PSTN-056: 10.71929/rubin/2585402
SITCOMTN-086: 10.71929/rubin/2583850
SITCOMTN-128: 10.71929/rubin/2570850
SITCOMTN-148: 10.71929/rubin/2583999
SITCOMTN-149: 10.71929/rubin/2574402
SITCOMTN-154: 10.71929/rubin/2571480
SITCOMTN-161: 10.71929/rubin/2572986
SITCOMTN-163: 10.71929/rubin/2571157
SQR-081: 10.71929/rubin/2574487
