CTN-001: 10.71929/rubin/2584019
DMTN-015: 10.71929/rubin/2583432
DMTN-080: 10.71929/rubin/2583441
DMTN-190: 10.71929/rubin/2583849
DMTN-266: 10.71929/rubin/2583846
DMTN-277: 10.71929/rubin/2583688
DMTN-302: 10.71929/rubin/2583848
DMTN-318: 10.71929/rubin/2583847
RTN-011: 10.5281/zenodo.5683848
RTN-055: 10.71929/rubin/2575154
RTN-056: 10.71929/rubin/2575156
RTN-095: 10.71929/rubin/2570536
PSTN-019: 10.71929/rubin/2570545
SITCOMTN-086: 10.71929/rubin/2583850
SITCOMTN-128: 10.71929/rubin/2570850
SITCOMTN-148: 10.71929/rubin/2583999
SITCOMTN-149: 10.71929/rubin/2574402
SITCOMTN-154: 10.71929/rubin/2571480
SITCOMTN-161: 10.71929/rubin/2572986
SITCOMTN-163: 10.71929/rubin/2571157
SQR-081: 10.71929/rubin/2574487
