RTN-011: 10.5281/zenodo.5683848
RTN-095: 10.71929/rubin/2570536
PSTN-019: 10.71929/rubin/2570545
SITCOMTN-128: 10.71929/rubin/2570850
